559.84924
274.3
58.7
954.7
573.16
94.53
381
43.88343
263.3
796
336.7
454.96703
858.017
712.983
615.5
268.8
163
220.3815
733.2259
658.49
677.27595
2.86292
60
537.17070
0.89
800.583
759
628.98934
86.7
444
840.81
612.3
236.16056
984
270.5843
914.4
563.0
667.483
636.8
594.60
61.7046
553.45423
398.8040
738.3
507
125.41
909.108
961.41189
875
820.25027
137.27
288.5
399.2074
948.31
396.87733
159.0253
568.3
684.4
522
216.576
399.8902
182.5
711.17
786
114.0014
167.000
56.55313
441.810
34.2
529.446
566
122.74432
542.2
34
457
306.356
914.86791
327
781.3854
620.63
219.58
586
537
339.56
215.10864
193.12
142.138
136.64
393.0
450.7
389.764
467.1233
999.0
748.0453
999.003
479.46102
766.3
659.2265
684.04736
637.41585
987
333.91
118
339.754
174.342
393.442
845.9487
613.242
179.9123
434.48427
119.111
634
574.896
857.700
320.471
180.989
28.8
221.6648
936.190
821.32866
806.5
504.02
392.6
650
572.4084
150.376
573.6
630.454
39.6
294.2418
953.015
853.2
426.00
786.7538
488.34
696.01835
411.471
982
364
411.9
307
130.26341
145.129
962.29
127.0
556.69420
267.3
158.33
907.05
482
976.473
669
351.3568
339
295.70413
317
898.21054
357.7
742.5
625
400
389
384.267
580.83
307.9
564.3
348.89492
248.26
58.2657
182.62602
683.0
657.34
699.2
771.11
479
482
23.715
503
378.287
64.26
714
739.7
91.7191
244
992.3876
98.5183
294.8438
756.48
768.63
827.7
380.51
886.31
283.9696
789.0067
409.98
127
123.42889
729.871
97.421
953.577
561
308.9168
562.37
823.4
446.8715
849.5168
260
993.23698
60.01059
260.35531
384.607
618.1
429.0670
553.988
39.5
116.90510
148.15
268.3
732.71
585
670
863.59
986
513.16104
488.9385
220
816.3
836
75.55400
366.703
688.82
867.0
769.51
246.97604
539.12
646.5373
45.46479
733
669.50
449.5
122
387.37
535
63.78213
117
49.66
78.87
531.554
38.82
933.50
782.6
473.845
890.05
940
460.886
919.645
243.26
23.93874
684
748.6170
691.36
676.02798
13.7
553.6
821.09
308.2209
60.28
416.634
981.968
552
798.54833
344
942
619.33
376.072
411.61
645.772
479.00
142.68
832
8.794
547.4616
637.293
974.8
425.80164
467.5979
29.08
231.591
633
982.27
712.9
442
928
586.34840
667.18687
453.11675
188.83
486.848
354.40144
396.2797
