16.4
21
32
17
7.0
67
21
31
18.7
54
20
28
7.2
58
16
27
6.5
61
49
23
7.0
57
32
35
21.6
68
25
32
11.5
37
24
16
23.5
41
21
12
10.5
42
37
29
8.0
22
44
27
4.8
44
20
27
8.6
60
38
28
6.3
24
17
31
7.1
38
20
37
7.2
26
39
18
12.2
43
25
21
10.0
62
32
32
23.1
61
19
29
16.3
54
30
15
12.4
37
50
17
17.4
69
18
17
20.5
40
40
18
3.5
56
35
16
16.7
45
44
14
8.0
35
50
27
7.9
57
42
38
15.1
43
29
14
13.5
25
18
37
4.5
60
25
35
17.3
58
19
22
10.6
49
48
18
23.8
20
22
31
21.9
68
32
34
16.4
27
33
23
5.6
20
31
26
19.1
52
21
37
16.1
60
47
29
6.5
43
25
27
23.5
53
15
29
12.0
20
20
15
28.5
40
30
20
10.0
50
40
8
30.0
20
20
15
8.0
25
20
8
29.0
50
30
8
31.0
20
15
8
5.5
18
18
18
26.1
35
30
20
14.0
60
25
9
